 -1102.62536      206.90264    -3120.67131
   1330.10362      835.63081    -4813.19887
  -284.97827     1172.66417      -96.65904
    -57.75403        6.37200     -275.84179
    21.71394      922.51276    -1827.49316
    217.80670      181.16304    -2831.34970
  -820.45359      -20.58547    -2877.96959
   1009.15383      394.96330    -3882.69835
  -108.90375     -123.68534     2349.86018
    132.86731       23.42008    -4640.70319
   125.97845      555.46635    -2742.67286
    281.09581      118.10696    -1918.65647
   441.17259        6.45303    -3606.80775
   -136.17801      109.30034     2188.27168
    98.45865      249.77900    -2919.69464
    171.78131       52.45597    -2480.18184
   290.69865      -60.84018    -2110.74032
   -566.77875     6055.35646    11191.85012
  -185.75249      -43.26485    -2812.61515
   1043.73803      200.74320    -3417.01010
   -68.51285     1445.33609      896.52972
   -123.74422      -67.58071     -628.80607
  -385.62487     -327.27780    -3283.37199
   1354.97480      -45.50564    -4267.41972
  -215.98796      808.11228     -689.07285
      4.89324        1.30060      549.79057
 -1541.79338     -887.79833    -7817.55235
  -1223.20828    -1240.35871    -3164.97490
 -4800.72246    -3406.86681   -19995.67875
    447.37821     2567.52712     2845.66265
 -1159.23432       19.28883    -5446.70394
  -1239.08680     -634.24835    -3509.96098
   -73.40813     1396.61250      852.64220
   -100.73840     -170.85537     -843.15958
  -470.92993     -145.09283    -1468.52215
    485.77535       30.60888    -1787.68845
   901.38377    -3863.71873   -10589.23106
    247.62763      119.48421    -1620.39585