   -409.86482      110.18593    -1334.25954
   -406.62479      -78.75078    -1344.39615

   -265.19731      105.36626    -1288.57677
   -261.32784     -175.59490    -1309.36545

   -180.20838      135.82067    -1584.82182
   -175.97593     -157.09275    -1603.52402

   -280.58369      100.51376    -1295.76964
   -391.92322       99.69180    -1330.08480

   -280.83166       87.54283    -1297.04977
   -392.67761       86.55461    -1331.34391

   -399.31783       17.14915    -1336.94473
   -270.37777       17.65812    -1297.04725

   -399.52914      -82.98445    -1343.65592
   -270.52661      -82.91791    -1306.37745

   -400.44495     -182.73168    -1350.14459
   -272.03642     -183.45328    -1313.97173

   -184.21045      118.58989    -1565.96447
   -258.66292      101.38715    -1309.95157

   -184.16978      105.44879    -1566.36600
   -258.73510       88.26538    -1309.97164

   -180.11362       35.80453    -1579.58185
   -260.49176       18.14108    -1304.91161

   -179.27678      -65.41681    -1585.46139
   -257.97104      -82.26202    -1308.99760

   -176.25929     -166.68924    -1602.00906
   -256.47969     -183.11941    -1315.69370

    143.06223      359.76699    -1799.19824
    150.25121       90.55946    -1814.00331

    443.94952      359.46399    -1741.50651
    452.10193       79.92868    -1756.05546

    473.64271      359.28768    -1887.50329
    480.98465       98.36159    -1903.55361

    162.56737      340.89329    -1795.52153
    425.49900      341.30950    -1743.15025

    162.67941      328.19949    -1796.52258
    425.75870      328.76083    -1744.21462

    155.82586      258.87758    -1801.59417
    439.20828      260.09261    -1746.68315

    157.60931      157.52384    -1806.86958
    441.17132      158.84133    -1752.02334

    235.89220       55.58431    -1802.00939
    371.10972       56.25011    -1775.07530

    469.09134      349.67515    -1870.46813
    448.31281      343.23303    -1759.93967

    469.29576      336.73116    -1871.32340
    448.54096      330.18550    -1760.89829

    472.36480      267.96238    -1882.68816
    448.83683      260.36200    -1753.39809

    475.72058      167.39113    -1889.47817
    452.61625      159.68199    -1758.84056

    378.89191       49.77929    -1773.79101
    384.42281     -139.87994    -1783.13931

    527.31700       46.86667    -1742.05759
    531.99505     -135.54378    -1753.57603

    556.84879       57.96495    -1891.81891
    561.06886     -128.88774    -1903.32037

    406.97149       36.42735    -1768.25363
    507.04029       37.78523    -1748.53962

    408.16435       23.13395    -1769.14201
    507.28212       24.69847    -1749.32179

    390.59399      -46.68246    -1776.48680
    519.46579      -44.59187    -1752.14217

    393.81294     -146.99134    -1783.52642
    530.18339     -144.09459    -1756.23044

    552.92092       46.37996    -1874.06227
    532.45966       39.49316    -1761.61081

    553.21878       33.30622    -1875.29866
    532.50657       26.31747    -1762.64740

    556.34537      -35.71250    -1887.40501
    532.50433      -43.60820    -1756.67988

    557.90581     -135.20055    -1894.27819
    532.66676     -144.05328    -1763.70361

     74.08113       44.83110    -1830.63846
     75.43139      -60.00797    -1840.69691

    224.27148       33.55384    -1808.13790
    228.59972     -124.19311    -1807.84761

     94.13007       34.79469    -1828.38869
    207.44182       34.87982    -1807.17555

     94.17345       21.24438    -1829.41949
    206.10764       21.55606    -1809.00783

     94.56032      -67.93472    -1837.22895
    205.97726      -67.26935    -1815.78681

     94.64010      -81.04407    -1838.53957
    206.07501      -80.43892    -1816.63190

     83.22799     -148.96310    -1844.77980
    216.41707     -148.56359    -1819.01184

    266.65595     -136.51759    -2038.93665
    235.26884     -144.29815    -1830.38433

    255.62104       45.28495    -1954.53449
    255.70533     -134.11179    -1974.96759