   -374.62619     -254.49982    -1744.28591
   -385.15063      314.66342    -1490.28208

   -377.36975     -252.42148    -1744.62192
     76.69979     -375.05259    -1448.81192

   -405.29864      326.60231    -1504.12627
     94.21603      187.70223    -1170.21194

     92.62915     -380.05492    -1434.73345
     79.29507      186.21355    -1178.19362

    -40.37627      524.19351    -1918.76577
   -382.19915      323.37534    -1488.65276

    -62.54759      524.16898    -1921.18556
    389.16964      395.16153    -1614.73662

    407.52605      383.18973    -1594.18521
     83.24463      191.76735    -1182.17463

    416.13648      370.05638    -1605.35905
    430.60680     -182.28457    -1859.54099

    430.01265     -179.41833    -1852.39646
     99.34238     -373.89418    -1434.95551

    -45.05626      516.54042    -1908.73639
    -33.37020      -53.50350    -2172.52697

    -42.95819      -46.77519    -2175.43174
    411.06110     -180.67811    -1864.81047

   -206.53891        8.67301    -1493.44097
   -138.08083      155.18671    -1366.50799

   -134.86802      155.59111    -1365.85370
    -59.28975      -22.94654    -1385.73450

   -154.79368       63.25567    -1425.48368
   -136.90398      110.16852    -1385.21411

   -132.59819      108.41145    -1386.06723
   -113.08104       56.68512    -1392.63930

   -151.30793       63.90139    -1419.05579
   -116.96324       54.57089    -1394.53921

   -179.50941        5.96436    -1466.74398
   -201.27158       10.94538    -1478.20537

   -178.48432        6.50740    -1470.16948
   -162.13065       43.76747    -1437.34079

   -157.89876       43.21040    -1433.41254
   -106.67609       29.71013    -1398.16178

   -103.64472       30.35208    -1397.25131
    -83.08417      -21.77700    -1405.81107

    -82.22329      -20.41059    -1401.36882
    -62.59067      -26.33222    -1388.94698

    172.70729      367.26068    -1553.86186
     74.78950      308.20649    -1425.71971

   -116.64008      358.62821    -1553.07944
     77.81434      305.52785    -1421.51593

    -78.09892      372.82301    -1581.32346
   -105.81757      358.75019    -1549.87313

    -96.87559      373.85228    -1584.51583
     71.22171      327.80082    -1469.82182

    148.80474      379.18725    -1584.79348
     62.91907      330.92274    -1478.17136

    144.88413      374.52663    -1571.11620
    172.03914      369.05449    -1554.95917

    254.49320      -20.73568    -1528.52447
    250.39304      115.61764    -1461.25553

    250.23512      100.95506    -1465.24311
    213.26812      170.89986    -1374.15032

    236.60478      183.65244    -1405.77396
    216.15069      170.93802    -1380.70509

    262.01894      136.89454    -1468.73037
    237.04488      186.84493    -1406.15402

    288.95133      219.44800    -1470.28056
    264.76622      137.52450    -1472.62501

    309.26562      229.30103    -1499.52923
    290.29683      216.63127    -1472.89839

    312.75992      231.26863    -1501.85668
    279.48130      118.37652    -1501.71651

    279.11008        4.36482    -1554.21064
    277.13888      126.47513    -1495.95331

    279.57624        6.53542    -1551.20177
    256.01968       -8.03469    -1522.63692

    149.58732      200.88393    -1903.72457
    273.37142      166.90987    -1819.17129

    276.45729      170.89333    -1814.29611
    268.85414      369.45877    -1723.87173

    145.24283      404.05065    -1809.72714
    269.63893      370.82422    -1725.70466

    139.03747      361.95847    -1830.80696
    140.44575      403.09544    -1812.15342

    144.13491      365.59098    -1828.92724
    233.57778      341.13829    -1767.20177

    235.22368      342.12871    -1764.29750
    235.26052      303.99454    -1779.75265

    155.59605      324.29647    -1837.97563
    236.63699      303.13323    -1783.17490

    151.91848      323.66684    -1841.21695
    148.52285      278.30353    -1860.50733

    155.17415      285.14807    -1856.16673
    237.23014      264.49451    -1801.92477

    239.22542      216.08131    -1820.62474
    237.11170      262.43661    -1799.60559

    149.07890      238.86344    -1883.14472
    236.01193      215.87551    -1825.05445

    143.11355      192.83448    -1906.73375
    145.66913      238.02005    -1886.45860