  -1111.97801     -769.29236    -3922.28986
  -1112.02355      737.21920    -3939.03681

   -776.73977      751.29419    -5227.35612
  -1105.16972      744.47535    -3925.40025

   -771.47064     -803.17198    -5240.67134
   -776.67760      755.31082    -5251.01126

   -740.26520     -709.50731    -5398.88615
   -742.88116      938.35965    -5415.87053

    101.02686     -915.36058    -5153.36368
     92.56286      762.48730    -5156.59650

     99.66517      766.11898    -5184.06611
    791.30071      777.51229    -5009.25992

    770.01264     -784.34327    -4929.75245
    762.82748      768.15117    -4956.92901

   -727.72453      935.00874    -5366.09067
  -1274.56160      921.65283    -3305.57763

   -764.36840      929.83240    -5409.16421
   1817.79890      944.73189    -4687.09742

  -1117.97958     -654.78701    -3863.80143
  -1317.54324     -617.96913    -2987.69638

  -1098.44774     -760.28164    -3894.93579
  -1316.58496     -723.23229    -2974.76797

   -778.90618     -806.12494    -5260.20004
  -1106.26228     -758.76876    -3930.67164

   -765.38483     -695.38936    -5330.41361
     63.34137     -701.48392    -5159.15536

   -775.38651     -798.25155    -5309.88022
     68.72161     -801.73100    -5126.50891

    773.85615     -649.00320    -5087.80771
    185.12100     -659.78608    -5264.44421

    806.67461     -790.51032    -5060.54815
    135.80451     -801.08265    -5252.18867

   1777.80171     -653.37745    -4622.92012
    812.17344     -687.50489    -4947.19994

   1703.45302     -755.93382    -4602.82354
    746.32606     -786.27546    -4922.22740

   -297.22991     -753.02706    -3619.35659
   -584.33610     -720.13811    -2550.28085

   -515.98399     -777.26061    -3727.45671
   -282.19172     -770.58503    -3655.96073

   -263.77611     -791.84216    -4585.62530
   -504.78057     -759.52635    -3674.90163

    -42.80143     -782.70970    -4476.48212
   -295.65867     -800.15293    -4585.64193

     10.79425     -801.05510    -4759.76215
    -64.19952     -784.12305    -4497.77092

    847.70985     -779.18277    -4466.23953
     -5.06625     -798.56827    -4717.60538

    841.05301     -781.97714    -4513.76410
    750.40609     -761.17723    -4177.40245

    998.33719     -763.58421    -4185.57174
    749.84407     -764.81972    -4238.77340

    982.55584     -759.47687    -4217.73648
    717.08319     -731.05599    -3310.02230

    525.51339     -752.95581    -3420.85764
    753.77300     -748.63175    -3361.01669

    521.32953     -739.46818    -3391.68456
    270.90364     -716.45041    -2531.34212

    407.97755     -761.53628    -3678.48680
    -42.01639     -770.76183    -3807.53514

     90.34362     -777.11201    -4237.87444
    -35.29759     -758.94968    -3780.91566

    526.44428     -772.15381    -4097.38970
     86.66773     -783.34569    -4232.73190

    506.60279     -767.96345    -4107.87891
    379.24077     -749.86387    -3661.33768